"HP4291B REV1.02"
"DATE: Nov 15 1992"



"CHANNEL: 1"
"MEASURE PARAMETER: IMPEDANCE MAG"
"NUMBER of POINTS: 201"
"SWEEP DELAY TIME:  0 s"
"POINT DELAY TIME:  0 s"
"SWEEP TYPE: LIN FREQ"
"POINT AVERAGE: OFF"
"OSC LEVEL:  50 mV"
"DC BIAS: OFF"

"Frequency"	"Data Trace Real"	"Data Trace Imag"	"Memory Trace Real"	"Memory Trace Imag"
1.000000000000E+06	3.352783E+00	0.000000E+00	0.000000E+00	0.000000E+00
1.475000000000E+06	4.533010E+00	0.000000E+00	0.000000E+00	0.000000E+00
1.950000000000E+06	5.758256E+00	0.000000E+00	0.000000E+00	0.000000E+00
2.425000000000E+06	7.002047E+00	0.000000E+00	0.000000E+00	0.000000E+00
2.900000000000E+06	8.250832E+00	0.000000E+00	0.000000E+00	0.000000E+00
3.375000000000E+06	9.507654E+00	0.000000E+00	0.000000E+00	0.000000E+00
3.850000000000E+06	1.077269E+01	0.000000E+00	0.000000E+00	0.000000E+00
4.325000000000E+06	1.204394E+01	0.000000E+00	0.000000E+00	0.000000E+00
4.800000000000E+06	1.331353E+01	0.000000E+00	0.000000E+00	0.000000E+00
5.275000000000E+06	1.460373E+01	0.000000E+00	0.000000E+00	0.000000E+00
5.750000000000E+06	1.588068E+01	0.000000E+00	0.000000E+00	0.000000E+00
6.225000000000E+06	1.716546E+01	0.000000E+00	0.000000E+00	0.000000E+00
6.700000000000E+06	1.846016E+01	0.000000E+00	0.000000E+00	0.000000E+00
7.175000000000E+06	1.976775E+01	0.000000E+00	0.000000E+00	0.000000E+00
7.650000000000E+06	2.107272E+01	0.000000E+00	0.000000E+00	0.000000E+00
8.125000000000E+06	2.237254E+01	0.000000E+00	0.000000E+00	0.000000E+00
8.600000000000E+06	2.369676E+01	0.000000E+00	0.000000E+00	0.000000E+00
9.075000000000E+06	2.499496E+01	0.000000E+00	0.000000E+00	0.000000E+00
9.550000000000E+06	2.632332E+01	0.000000E+00	0.000000E+00	0.000000E+00
1.002500000000E+07	2.765865E+01	0.000000E+00	0.000000E+00	0.000000E+00
1.050000000000E+07	2.900120E+01	0.000000E+00	0.000000E+00	0.000000E+00
1.097500000000E+07	3.035240E+01	0.000000E+00	0.000000E+00	0.000000E+00
1.145000000000E+07	3.169866E+01	0.000000E+00	0.000000E+00	0.000000E+00
1.192500000000E+07	3.305788E+01	0.000000E+00	0.000000E+00	0.000000E+00
1.240000000000E+07	3.442819E+01	0.000000E+00	0.000000E+00	0.000000E+00
1.287500000000E+07	3.581673E+01	0.000000E+00	0.000000E+00	0.000000E+00
1.335000000000E+07	3.720485E+01	0.000000E+00	0.000000E+00	0.000000E+00
1.382500000000E+07	3.861703E+01	0.000000E+00	0.000000E+00	0.000000E+00
1.430000000000E+07	4.003511E+01	0.000000E+00	0.000000E+00	0.000000E+00
1.477500000000E+07	4.148051E+01	0.000000E+00	0.000000E+00	0.000000E+00
1.525000000000E+07	4.294975E+01	0.000000E+00	0.000000E+00	0.000000E+00
1.572500000000E+07	4.454586E+01	0.000000E+00	0.000000E+00	0.000000E+00
1.620000000000E+07	4.546238E+01	0.000000E+00	0.000000E+00	0.000000E+00
1.667500000000E+07	4.680836E+01	0.000000E+00	0.000000E+00	0.000000E+00
1.715000000000E+07	4.842070E+01	0.000000E+00	0.000000E+00	0.000000E+00
1.762500000000E+07	4.997328E+01	0.000000E+00	0.000000E+00	0.000000E+00
1.810000000000E+07	5.148042E+01	0.000000E+00	0.000000E+00	0.000000E+00
1.857500000000E+07	5.300273E+01	0.000000E+00	0.000000E+00	0.000000E+00
1.905000000000E+07	5.454601E+01	0.000000E+00	0.000000E+00	0.000000E+00
1.952500000000E+07	5.608782E+01	0.000000E+00	0.000000E+00	0.000000E+00
2.000000000000E+07	5.763704E+01	0.000000E+00	0.000000E+00	0.000000E+00
2.047500000000E+07	5.921457E+01	0.000000E+00	0.000000E+00	0.000000E+00
2.095000000000E+07	6.082515E+01	0.000000E+00	0.000000E+00	0.000000E+00
2.142500000000E+07	6.243493E+01	0.000000E+00	0.000000E+00	0.000000E+00
2.190000000000E+07	6.403587E+01	0.000000E+00	0.000000E+00	0.000000E+00
2.237500000000E+07	6.568003E+01	0.000000E+00	0.000000E+00	0.000000E+00
2.285000000000E+07	6.733527E+01	0.000000E+00	0.000000E+00	0.000000E+00
2.332500000000E+07	6.906081E+01	0.000000E+00	0.000000E+00	0.000000E+00
2.380000000000E+07	7.073288E+01	0.000000E+00	0.000000E+00	0.000000E+00
2.427500000000E+07	7.247555E+01	0.000000E+00	0.000000E+00	0.000000E+00
2.475000000000E+07	7.420487E+01	0.000000E+00	0.000000E+00	0.000000E+00
2.522500000000E+07	7.598850E+01	0.000000E+00	0.000000E+00	0.000000E+00
2.570000000000E+07	7.777531E+01	0.000000E+00	0.000000E+00	0.000000E+00
2.617500000000E+07	7.961609E+01	0.000000E+00	0.000000E+00	0.000000E+00
2.665000000000E+07	8.149413E+01	0.000000E+00	0.000000E+00	0.000000E+00
2.712500000000E+07	8.332070E+01	0.000000E+00	0.000000E+00	0.000000E+00
2.760000000000E+07	8.524732E+01	0.000000E+00	0.000000E+00	0.000000E+00
2.807500000000E+07	8.718340E+01	0.000000E+00	0.000000E+00	0.000000E+00
2.855000000000E+07	8.908648E+01	0.000000E+00	0.000000E+00	0.000000E+00
2.902500000000E+07	9.109012E+01	0.000000E+00	0.000000E+00	0.000000E+00
2.950000000000E+07	9.313866E+01	0.000000E+00	0.000000E+00	0.000000E+00
2.997500000000E+07	9.519922E+01	0.000000E+00	0.000000E+00	0.000000E+00
3.045000000000E+07	9.738820E+01	0.000000E+00	0.000000E+00	0.000000E+00
3.092500000000E+07	9.950190E+01	0.000000E+00	0.000000E+00	0.000000E+00
3.140000000000E+07	1.016830E+02	0.000000E+00	0.000000E+00	0.000000E+00
3.187500000000E+07	1.039270E+02	0.000000E+00	0.000000E+00	0.000000E+00
3.235000000000E+07	1.062272E+02	0.000000E+00	0.000000E+00	0.000000E+00
3.282500000000E+07	1.082716E+02	0.000000E+00	0.000000E+00	0.000000E+00
3.330000000000E+07	1.105579E+02	0.000000E+00	0.000000E+00	0.000000E+00
3.377500000000E+07	1.129888E+02	0.000000E+00	0.000000E+00	0.000000E+00
3.425000000000E+07	1.154975E+02	0.000000E+00	0.000000E+00	0.000000E+00
3.472500000000E+07	1.180181E+02	0.000000E+00	0.000000E+00	0.000000E+00
3.520000000000E+07	1.205383E+02	0.000000E+00	0.000000E+00	0.000000E+00
3.567500000000E+07	1.231784E+02	0.000000E+00	0.000000E+00	0.000000E+00
3.615000000000E+07	1.257665E+02	0.000000E+00	0.000000E+00	0.000000E+00
3.662500000000E+07	1.284673E+02	0.000000E+00	0.000000E+00	0.000000E+00
3.710000000000E+07	1.311050E+02	0.000000E+00	0.000000E+00	0.000000E+00
3.757500000000E+07	1.339132E+02	0.000000E+00	0.000000E+00	0.000000E+00
3.805000000000E+07	1.368217E+02	0.000000E+00	0.000000E+00	0.000000E+00
3.852500000000E+07	1.399657E+02	0.000000E+00	0.000000E+00	0.000000E+00
3.900000000000E+07	1.430866E+02	0.000000E+00	0.000000E+00	0.000000E+00
3.947500000000E+07	1.455396E+02	0.000000E+00	0.000000E+00	0.000000E+00
3.995000000000E+07	1.483454E+02	0.000000E+00	0.000000E+00	0.000000E+00
4.042500000000E+07	1.518400E+02	0.000000E+00	0.000000E+00	0.000000E+00
4.090000000000E+07	1.554215E+02	0.000000E+00	0.000000E+00	0.000000E+00
4.137500000000E+07	1.589486E+02	0.000000E+00	0.000000E+00	0.000000E+00
4.185000000000E+07	1.626189E+02	0.000000E+00	0.000000E+00	0.000000E+00
4.232500000000E+07	1.661882E+02	0.000000E+00	0.000000E+00	0.000000E+00
4.280000000000E+07	1.700109E+02	0.000000E+00	0.000000E+00	0.000000E+00
4.327500000000E+07	1.740676E+02	0.000000E+00	0.000000E+00	0.000000E+00
4.375000000000E+07	1.782186E+02	0.000000E+00	0.000000E+00	0.000000E+00
4.422500000000E+07	1.824559E+02	0.000000E+00	0.000000E+00	0.000000E+00
4.470000000000E+07	1.866021E+02	0.000000E+00	0.000000E+00	0.000000E+00
4.517500000000E+07	1.910470E+02	0.000000E+00	0.000000E+00	0.000000E+00
4.565000000000E+07	1.956902E+02	0.000000E+00	0.000000E+00	0.000000E+00
4.612500000000E+07	2.006039E+02	0.000000E+00	0.000000E+00	0.000000E+00
4.660000000000E+07	2.054839E+02	0.000000E+00	0.000000E+00	0.000000E+00
4.707500000000E+07	2.105987E+02	0.000000E+00	0.000000E+00	0.000000E+00
4.755000000000E+07	2.159577E+02	0.000000E+00	0.000000E+00	0.000000E+00
4.802500000000E+07	2.214319E+02	0.000000E+00	0.000000E+00	0.000000E+00
4.850000000000E+07	2.272435E+02	0.000000E+00	0.000000E+00	0.000000E+00
4.897500000000E+07	2.331461E+02	0.000000E+00	0.000000E+00	0.000000E+00
4.945000000000E+07	2.396116E+02	0.000000E+00	0.000000E+00	0.000000E+00
4.992500000000E+07	2.458045E+02	0.000000E+00	0.000000E+00	0.000000E+00
5.040000000000E+07	2.528086E+02	0.000000E+00	0.000000E+00	0.000000E+00
5.087500000000E+07	2.598147E+02	0.000000E+00	0.000000E+00	0.000000E+00
5.135000000000E+07	2.669962E+02	0.000000E+00	0.000000E+00	0.000000E+00
5.182500000000E+07	2.747033E+02	0.000000E+00	0.000000E+00	0.000000E+00
5.230000000000E+07	2.828827E+02	0.000000E+00	0.000000E+00	0.000000E+00
5.277500000000E+07	2.916503E+02	0.000000E+00	0.000000E+00	0.000000E+00
5.325000000000E+07	3.003054E+02	0.000000E+00	0.000000E+00	0.000000E+00
5.372500000000E+07	3.075493E+02	0.000000E+00	0.000000E+00	0.000000E+00
5.420000000000E+07	3.131790E+02	0.000000E+00	0.000000E+00	0.000000E+00
5.467500000000E+07	3.203646E+02	0.000000E+00	0.000000E+00	0.000000E+00
5.515000000000E+07	3.306096E+02	0.000000E+00	0.000000E+00	0.000000E+00
5.562500000000E+07	3.436055E+02	0.000000E+00	0.000000E+00	0.000000E+00
5.610000000000E+07	3.573556E+02	0.000000E+00	0.000000E+00	0.000000E+00
5.657500000000E+07	3.706473E+02	0.000000E+00	0.000000E+00	0.000000E+00
5.705000000000E+07	3.820207E+02	0.000000E+00	0.000000E+00	0.000000E+00
5.752500000000E+07	3.930896E+02	0.000000E+00	0.000000E+00	0.000000E+00
5.800000000000E+07	4.043380E+02	0.000000E+00	0.000000E+00	0.000000E+00
5.847500000000E+07	4.173623E+02	0.000000E+00	0.000000E+00	0.000000E+00
5.895000000000E+07	4.310365E+02	0.000000E+00	0.000000E+00	0.000000E+00
5.942500000000E+07	4.476350E+02	0.000000E+00	0.000000E+00	0.000000E+00
5.990000000000E+07	4.677134E+02	0.000000E+00	0.000000E+00	0.000000E+00
6.037500000000E+07	4.868353E+02	0.000000E+00	0.000000E+00	0.000000E+00
6.085000000000E+07	5.052251E+02	0.000000E+00	0.000000E+00	0.000000E+00
6.132500000000E+07	5.234919E+02	0.000000E+00	0.000000E+00	0.000000E+00
6.180000000000E+07	5.381732E+02	0.000000E+00	0.000000E+00	0.000000E+00
6.227500000000E+07	5.557132E+02	0.000000E+00	0.000000E+00	0.000000E+00
6.275000000000E+07	5.793217E+02	0.000000E+00	0.000000E+00	0.000000E+00
6.322500000000E+07	6.075527E+02	0.000000E+00	0.000000E+00	0.000000E+00
6.370000000000E+07	6.452849E+02	0.000000E+00	0.000000E+00	0.000000E+00
6.417500000000E+07	6.900507E+02	0.000000E+00	0.000000E+00	0.000000E+00
6.465000000000E+07	7.438587E+02	0.000000E+00	0.000000E+00	0.000000E+00
6.512500000000E+07	8.027361E+02	0.000000E+00	0.000000E+00	0.000000E+00
6.560000000000E+07	8.712413E+02	0.000000E+00	0.000000E+00	0.000000E+00
6.607500000000E+07	9.467360E+02	0.000000E+00	0.000000E+00	0.000000E+00
6.655000000000E+07	1.040662E+03	0.000000E+00	0.000000E+00	0.000000E+00
6.702500000000E+07	1.146516E+03	0.000000E+00	0.000000E+00	0.000000E+00
6.750000000000E+07	1.271098E+03	0.000000E+00	0.000000E+00	0.000000E+00
6.797500000000E+07	1.432649E+03	0.000000E+00	0.000000E+00	0.000000E+00
6.845000000000E+07	1.635519E+03	0.000000E+00	0.000000E+00	0.000000E+00
6.892500000000E+07	1.878766E+03	0.000000E+00	0.000000E+00	0.000000E+00
6.940000000000E+07	2.161285E+03	0.000000E+00	0.000000E+00	0.000000E+00
6.987500000000E+07	2.489733E+03	0.000000E+00	0.000000E+00	0.000000E+00
7.035000000000E+07	2.715319E+03	0.000000E+00	0.000000E+00	0.000000E+00
7.082500000000E+07	2.883527E+03	0.000000E+00	0.000000E+00	0.000000E+00
7.130000000000E+07	2.738999E+03	0.000000E+00	0.000000E+00	0.000000E+00
7.177500000000E+07	2.445934E+03	0.000000E+00	0.000000E+00	0.000000E+00
7.225000000000E+07	2.107654E+03	0.000000E+00	0.000000E+00	0.000000E+00
7.272500000000E+07	1.785514E+03	0.000000E+00	0.000000E+00	0.000000E+00
7.320000000000E+07	1.510982E+03	0.000000E+00	0.000000E+00	0.000000E+00
7.367500000000E+07	1.287274E+03	0.000000E+00	0.000000E+00	0.000000E+00
7.415000000000E+07	1.133042E+03	0.000000E+00	0.000000E+00	0.000000E+00
7.462500000000E+07	1.001922E+03	0.000000E+00	0.000000E+00	0.000000E+00
7.510000000000E+07	8.805235E+02	0.000000E+00	0.000000E+00	0.000000E+00
7.557500000000E+07	7.878669E+02	0.000000E+00	0.000000E+00	0.000000E+00
7.605000000000E+07	7.530355E+02	0.000000E+00	0.000000E+00	0.000000E+00
7.652500000000E+07	8.182299E+02	0.000000E+00	0.000000E+00	0.000000E+00
7.700000000000E+07	8.491765E+02	0.000000E+00	0.000000E+00	0.000000E+00
7.747500000000E+07	7.900932E+02	0.000000E+00	0.000000E+00	0.000000E+00
7.795000000000E+07	7.148990E+02	0.000000E+00	0.000000E+00	0.000000E+00
7.842500000000E+07	6.530934E+02	0.000000E+00	0.000000E+00	0.000000E+00
7.890000000000E+07	6.005869E+02	0.000000E+00	0.000000E+00	0.000000E+00
7.937500000000E+07	5.574556E+02	0.000000E+00	0.000000E+00	0.000000E+00
7.985000000000E+07	5.201652E+02	0.000000E+00	0.000000E+00	0.000000E+00
8.032500000000E+07	4.870573E+02	0.000000E+00	0.000000E+00	0.000000E+00
8.080000000000E+07	4.568283E+02	0.000000E+00	0.000000E+00	0.000000E+00
8.127500000000E+07	4.291092E+02	0.000000E+00	0.000000E+00	0.000000E+00
8.175000000000E+07	4.054774E+02	0.000000E+00	0.000000E+00	0.000000E+00
8.222500000000E+07	3.825656E+02	0.000000E+00	0.000000E+00	0.000000E+00
8.270000000000E+07	3.626871E+02	0.000000E+00	0.000000E+00	0.000000E+00
8.317500000000E+07	3.450385E+02	0.000000E+00	0.000000E+00	0.000000E+00
8.365000000000E+07	3.286274E+02	0.000000E+00	0.000000E+00	0.000000E+00
8.412500000000E+07	3.128550E+02	0.000000E+00	0.000000E+00	0.000000E+00
8.460000000000E+07	2.982690E+02	0.000000E+00	0.000000E+00	0.000000E+00
8.507500000000E+07	2.846451E+02	0.000000E+00	0.000000E+00	0.000000E+00
8.555000000000E+07	2.709444E+02	0.000000E+00	0.000000E+00	0.000000E+00
8.602500000000E+07	2.586255E+02	0.000000E+00	0.000000E+00	0.000000E+00
8.650000000000E+07	2.466399E+02	0.000000E+00	0.000000E+00	0.000000E+00
8.697500000000E+07	2.349969E+02	0.000000E+00	0.000000E+00	0.000000E+00
8.745000000000E+07	2.231944E+02	0.000000E+00	0.000000E+00	0.000000E+00
8.792500000000E+07	2.111448E+02	0.000000E+00	0.000000E+00	0.000000E+00
8.840000000000E+07	1.990704E+02	0.000000E+00	0.000000E+00	0.000000E+00
8.887500000000E+07	1.872045E+02	0.000000E+00	0.000000E+00	0.000000E+00
8.935000000000E+07	1.755768E+02	0.000000E+00	0.000000E+00	0.000000E+00
8.982500000000E+07	1.642066E+02	0.000000E+00	0.000000E+00	0.000000E+00
9.030000000000E+07	1.548139E+02	0.000000E+00	0.000000E+00	0.000000E+00
9.077500000000E+07	1.592615E+02	0.000000E+00	0.000000E+00	0.000000E+00
9.125000000000E+07	1.918065E+02	0.000000E+00	0.000000E+00	0.000000E+00
9.172500000000E+07	2.067989E+02	0.000000E+00	0.000000E+00	0.000000E+00
9.220000000000E+07	1.936681E+02	0.000000E+00	0.000000E+00	0.000000E+00
9.267500000000E+07	1.779619E+02	0.000000E+00	0.000000E+00	0.000000E+00
9.315000000000E+07	1.646566E+02	0.000000E+00	0.000000E+00	0.000000E+00
9.362500000000E+07	1.535954E+02	0.000000E+00	0.000000E+00	0.000000E+00
9.410000000000E+07	1.442787E+02	0.000000E+00	0.000000E+00	0.000000E+00
9.457500000000E+07	1.361293E+02	0.000000E+00	0.000000E+00	0.000000E+00
9.505000000000E+07	1.288932E+02	0.000000E+00	0.000000E+00	0.000000E+00
9.552500000000E+07	1.220008E+02	0.000000E+00	0.000000E+00	0.000000E+00
9.600000000000E+07	1.155957E+02	0.000000E+00	0.000000E+00	0.000000E+00
1.000000000000E+06	5.925291E+01	0.000000E+00	0.000000E+00	0.000000E+00
1.475000000000E+06	6.694453E+01	0.000000E+00	0.000000E+00	0.000000E+00
1.950000000000E+06	7.146297E+01	0.000000E+00	0.000000E+00	0.000000E+00
2.425000000000E+06	7.451952E+01	0.000000E+00	0.000000E+00	0.000000E+00
2.900000000000E+06	7.666634E+01	0.000000E+00	0.000000E+00	0.000000E+00
3.375000000000E+06	7.819870E+01	0.000000E+00	0.000000E+00	0.000000E+00
3.850000000000E+06	7.946868E+01	0.000000E+00	0.000000E+00	0.000000E+00
4.325000000000E+06	8.047569E+01	0.000000E+00	0.000000E+00	0.000000E+00
4.800000000000E+06	8.123431E+01	0.000000E+00	0.000000E+00	0.000000E+00
5.275000000000E+06	8.189653E+01	0.000000E+00	0.000000E+00	0.000000E+00
5.750000000000E+06	8.247320E+01	0.000000E+00	0.000000E+00	0.000000E+00
6.225000000000E+06	8.293015E+01	0.000000E+00	0.000000E+00	0.000000E+00
6.700000000000E+06	8.333215E+01	0.000000E+00	0.000000E+00	0.000000E+00
7.175000000000E+06	8.372935E+01	0.000000E+00	0.000000E+00	0.000000E+00
7.650000000000E+06	8.407251E+01	0.000000E+00	0.000000E+00	0.000000E+00
8.125000000000E+06	8.432698E+01	0.000000E+00	0.000000E+00	0.000000E+00
8.600000000000E+06	8.460236E+01	0.000000E+00	0.000000E+00	0.000000E+00
9.075000000000E+06	8.480120E+01	0.000000E+00	0.000000E+00	0.000000E+00
9.550000000000E+06	8.501051E+01	0.000000E+00	0.000000E+00	0.000000E+00
1.002500000000E+07	8.518668E+01	0.000000E+00	0.000000E+00	0.000000E+00
1.050000000000E+07	8.536578E+01	0.000000E+00	0.000000E+00	0.000000E+00
1.097500000000E+07	8.549268E+01	0.000000E+00	0.000000E+00	0.000000E+00
1.145000000000E+07	8.563645E+01	0.000000E+00	0.000000E+00	0.000000E+00
1.192500000000E+07	8.572714E+01	0.000000E+00	0.000000E+00	0.000000E+00
1.240000000000E+07	8.590688E+01	0.000000E+00	0.000000E+00	0.000000E+00
1.287500000000E+07	8.599368E+01	0.000000E+00	0.000000E+00	0.000000E+00
1.335000000000E+07	8.607195E+01	0.000000E+00	0.000000E+00	0.000000E+00
1.382500000000E+07	8.621643E+01	0.000000E+00	0.000000E+00	0.000000E+00
1.430000000000E+07	8.624729E+01	0.000000E+00	0.000000E+00	0.000000E+00
1.477500000000E+07	8.633876E+01	0.000000E+00	0.000000E+00	0.000000E+00
1.525000000000E+07	8.637296E+01	0.000000E+00	0.000000E+00	0.000000E+00
1.572500000000E+07	8.629080E+01	0.000000E+00	0.000000E+00	0.000000E+00
1.620000000000E+07	8.536991E+01	0.000000E+00	0.000000E+00	0.000000E+00
1.667500000000E+07	8.651553E+01	0.000000E+00	0.000000E+00	0.000000E+00
1.715000000000E+07	8.667937E+01	0.000000E+00	0.000000E+00	0.000000E+00
1.762500000000E+07	8.671055E+01	0.000000E+00	0.000000E+00	0.000000E+00
1.810000000000E+07	8.678372E+01	0.000000E+00	0.000000E+00	0.000000E+00
1.857500000000E+07	8.680696E+01	0.000000E+00	0.000000E+00	0.000000E+00
1.905000000000E+07	8.687157E+01	0.000000E+00	0.000000E+00	0.000000E+00
1.952500000000E+07	8.688267E+01	0.000000E+00	0.000000E+00	0.000000E+00
2.000000000000E+07	8.693250E+01	0.000000E+00	0.000000E+00	0.000000E+00
2.047500000000E+07	8.696273E+01	0.000000E+00	0.000000E+00	0.000000E+00
2.095000000000E+07	8.700462E+01	0.000000E+00	0.000000E+00	0.000000E+00
2.142500000000E+07	8.701712E+01	0.000000E+00	0.000000E+00	0.000000E+00
2.190000000000E+07	8.705624E+01	0.000000E+00	0.000000E+00	0.000000E+00
2.237500000000E+07	8.708147E+01	0.000000E+00	0.000000E+00	0.000000E+00
2.285000000000E+07	8.709992E+01	0.000000E+00	0.000000E+00	0.000000E+00
2.332500000000E+07	8.713831E+01	0.000000E+00	0.000000E+00	0.000000E+00
2.380000000000E+07	8.714927E+01	0.000000E+00	0.000000E+00	0.000000E+00
2.427500000000E+07	8.717143E+01	0.000000E+00	0.000000E+00	0.000000E+00
2.475000000000E+07	8.718716E+01	0.000000E+00	0.000000E+00	0.000000E+00
2.522500000000E+07	8.718992E+01	0.000000E+00	0.000000E+00	0.000000E+00
2.570000000000E+07	8.720155E+01	0.000000E+00	0.000000E+00	0.000000E+00
2.617500000000E+07	8.722363E+01	0.000000E+00	0.000000E+00	0.000000E+00
2.665000000000E+07	8.723312E+01	0.000000E+00	0.000000E+00	0.000000E+00
2.712500000000E+07	8.720553E+01	0.000000E+00	0.000000E+00	0.000000E+00
2.760000000000E+07	8.724678E+01	0.000000E+00	0.000000E+00	0.000000E+00
2.807500000000E+07	8.723847E+01	0.000000E+00	0.000000E+00	0.000000E+00
2.855000000000E+07	8.723935E+01	0.000000E+00	0.000000E+00	0.000000E+00
2.902500000000E+07	8.724331E+01	0.000000E+00	0.000000E+00	0.000000E+00
2.950000000000E+07	8.721976E+01	0.000000E+00	0.000000E+00	0.000000E+00
2.997500000000E+07	8.725521E+01	0.000000E+00	0.000000E+00	0.000000E+00
3.045000000000E+07	8.721148E+01	0.000000E+00	0.000000E+00	0.000000E+00
3.092500000000E+07	8.721938E+01	0.000000E+00	0.000000E+00	0.000000E+00
3.140000000000E+07	8.719836E+01	0.000000E+00	0.000000E+00	0.000000E+00
3.187500000000E+07	8.714851E+01	0.000000E+00	0.000000E+00	0.000000E+00
3.235000000000E+07	8.710925E+01	0.000000E+00	0.000000E+00	0.000000E+00
3.282500000000E+07	8.693295E+01	0.000000E+00	0.000000E+00	0.000000E+00
3.330000000000E+07	8.708486E+01	0.000000E+00	0.000000E+00	0.000000E+00
3.377500000000E+07	8.709933E+01	0.000000E+00	0.000000E+00	0.000000E+00
3.425000000000E+07	8.708540E+01	0.000000E+00	0.000000E+00	0.000000E+00
3.472500000000E+07	8.702683E+01	0.000000E+00	0.000000E+00	0.000000E+00
3.520000000000E+07	8.701057E+01	0.000000E+00	0.000000E+00	0.000000E+00
3.567500000000E+07	8.695976E+01	0.000000E+00	0.000000E+00	0.000000E+00
3.615000000000E+07	8.690383E+01	0.000000E+00	0.000000E+00	0.000000E+00
3.662500000000E+07	8.686171E+01	0.000000E+00	0.000000E+00	0.000000E+00
3.710000000000E+07	8.680669E+01	0.000000E+00	0.000000E+00	0.000000E+00
3.757500000000E+07	8.681816E+01	0.000000E+00	0.000000E+00	0.000000E+00
3.805000000000E+07	8.680192E+01	0.000000E+00	0.000000E+00	0.000000E+00
3.852500000000E+07	8.676876E+01	0.000000E+00	0.000000E+00	0.000000E+00
3.900000000000E+07	8.661018E+01	0.000000E+00	0.000000E+00	0.000000E+00
3.947500000000E+07	8.626723E+01	0.000000E+00	0.000000E+00	0.000000E+00
3.995000000000E+07	8.659203E+01	0.000000E+00	0.000000E+00	0.000000E+00
4.042500000000E+07	8.660922E+01	0.000000E+00	0.000000E+00	0.000000E+00
4.090000000000E+07	8.660070E+01	0.000000E+00	0.000000E+00	0.000000E+00
4.137500000000E+07	8.655351E+01	0.000000E+00	0.000000E+00	0.000000E+00
4.185000000000E+07	8.648649E+01	0.000000E+00	0.000000E+00	0.000000E+00
4.232500000000E+07	8.645615E+01	0.000000E+00	0.000000E+00	0.000000E+00
4.280000000000E+07	8.640392E+01	0.000000E+00	0.000000E+00	0.000000E+00
4.327500000000E+07	8.629784E+01	0.000000E+00	0.000000E+00	0.000000E+00
4.375000000000E+07	8.621632E+01	0.000000E+00	0.000000E+00	0.000000E+00
4.422500000000E+07	8.613497E+01	0.000000E+00	0.000000E+00	0.000000E+00
4.470000000000E+07	8.602231E+01	0.000000E+00	0.000000E+00	0.000000E+00
4.517500000000E+07	8.594698E+01	0.000000E+00	0.000000E+00	0.000000E+00
4.565000000000E+07	8.586256E+01	0.000000E+00	0.000000E+00	0.000000E+00
4.612500000000E+07	8.574693E+01	0.000000E+00	0.000000E+00	0.000000E+00
4.660000000000E+07	8.565581E+01	0.000000E+00	0.000000E+00	0.000000E+00
4.707500000000E+07	8.551807E+01	0.000000E+00	0.000000E+00	0.000000E+00
4.755000000000E+07	8.533679E+01	0.000000E+00	0.000000E+00	0.000000E+00
4.802500000000E+07	8.518574E+01	0.000000E+00	0.000000E+00	0.000000E+00
4.850000000000E+07	8.503301E+01	0.000000E+00	0.000000E+00	0.000000E+00
4.897500000000E+07	8.482390E+01	0.000000E+00	0.000000E+00	0.000000E+00
4.945000000000E+07	8.468528E+01	0.000000E+00	0.000000E+00	0.000000E+00
4.992500000000E+07	8.450883E+01	0.000000E+00	0.000000E+00	0.000000E+00
5.040000000000E+07	8.426669E+01	0.000000E+00	0.000000E+00	0.000000E+00
5.087500000000E+07	8.392462E+01	0.000000E+00	0.000000E+00	0.000000E+00
5.135000000000E+07	8.369935E+01	0.000000E+00	0.000000E+00	0.000000E+00
5.182500000000E+07	8.339910E+01	0.000000E+00	0.000000E+00	0.000000E+00
5.230000000000E+07	8.309129E+01	0.000000E+00	0.000000E+00	0.000000E+00
5.277500000000E+07	8.268154E+01	0.000000E+00	0.000000E+00	0.000000E+00
5.325000000000E+07	8.199895E+01	0.000000E+00	0.000000E+00	0.000000E+00
5.372500000000E+07	8.134106E+01	0.000000E+00	0.000000E+00	0.000000E+00
5.420000000000E+07	8.087415E+01	0.000000E+00	0.000000E+00	0.000000E+00
5.467500000000E+07	8.107493E+01	0.000000E+00	0.000000E+00	0.000000E+00
5.515000000000E+07	8.127385E+01	0.000000E+00	0.000000E+00	0.000000E+00
5.562500000000E+07	8.111191E+01	0.000000E+00	0.000000E+00	0.000000E+00
5.610000000000E+07	8.068394E+01	0.000000E+00	0.000000E+00	0.000000E+00
5.657500000000E+07	7.988183E+01	0.000000E+00	0.000000E+00	0.000000E+00
5.705000000000E+07	7.901325E+01	0.000000E+00	0.000000E+00	0.000000E+00
5.752500000000E+07	7.846711E+01	0.000000E+00	0.000000E+00	0.000000E+00
5.800000000000E+07	7.802316E+01	0.000000E+00	0.000000E+00	0.000000E+00
5.847500000000E+07	7.763251E+01	0.000000E+00	0.000000E+00	0.000000E+00
5.895000000000E+07	7.740587E+01	0.000000E+00	0.000000E+00	0.000000E+00
5.942500000000E+07	7.720139E+01	0.000000E+00	0.000000E+00	0.000000E+00
5.990000000000E+07	7.655331E+01	0.000000E+00	0.000000E+00	0.000000E+00
6.037500000000E+07	7.580664E+01	0.000000E+00	0.000000E+00	0.000000E+00
6.085000000000E+07	7.486259E+01	0.000000E+00	0.000000E+00	0.000000E+00
6.132500000000E+07	7.383351E+01	0.000000E+00	0.000000E+00	0.000000E+00
6.180000000000E+07	7.316639E+01	0.000000E+00	0.000000E+00	0.000000E+00
6.227500000000E+07	7.294532E+01	0.000000E+00	0.000000E+00	0.000000E+00
6.275000000000E+07	7.312814E+01	0.000000E+00	0.000000E+00	0.000000E+00
6.322500000000E+07	7.345377E+01	0.000000E+00	0.000000E+00	0.000000E+00
6.370000000000E+07	7.365412E+01	0.000000E+00	0.000000E+00	0.000000E+00
6.417500000000E+07	7.345726E+01	0.000000E+00	0.000000E+00	0.000000E+00
6.465000000000E+07	7.282618E+01	0.000000E+00	0.000000E+00	0.000000E+00
6.512500000000E+07	7.203191E+01	0.000000E+00	0.000000E+00	0.000000E+00
6.560000000000E+07	7.086410E+01	0.000000E+00	0.000000E+00	0.000000E+00
6.607500000000E+07	6.933881E+01	0.000000E+00	0.000000E+00	0.000000E+00
6.655000000000E+07	6.747572E+01	0.000000E+00	0.000000E+00	0.000000E+00
6.702500000000E+07	6.500266E+01	0.000000E+00	0.000000E+00	0.000000E+00
6.750000000000E+07	6.240023E+01	0.000000E+00	0.000000E+00	0.000000E+00
6.797500000000E+07	5.918758E+01	0.000000E+00	0.000000E+00	0.000000E+00
6.845000000000E+07	5.492835E+01	0.000000E+00	0.000000E+00	0.000000E+00
6.892500000000E+07	4.875932E+01	0.000000E+00	0.000000E+00	0.000000E+00
6.940000000000E+07	4.068240E+01	0.000000E+00	0.000000E+00	0.000000E+00
6.987500000000E+07	3.005777E+01	0.000000E+00	0.000000E+00	0.000000E+00
7.035000000000E+07	1.599861E+01	0.000000E+00	0.000000E+00	0.000000E+00
7.082500000000E+07	5.178085E-02	0.000000E+00	0.000000E+00	0.000000E+00
7.130000000000E+07	-1.644721E+01	0.000000E+00	0.000000E+00	0.000000E+00
7.177500000000E+07	-3.088916E+01	0.000000E+00	0.000000E+00	0.000000E+00
7.225000000000E+07	-4.199142E+01	0.000000E+00	0.000000E+00	0.000000E+00
7.272500000000E+07	-5.065358E+01	0.000000E+00	0.000000E+00	0.000000E+00
7.320000000000E+07	-5.654649E+01	0.000000E+00	0.000000E+00	0.000000E+00
7.367500000000E+07	-5.962244E+01	0.000000E+00	0.000000E+00	0.000000E+00
7.415000000000E+07	-6.181945E+01	0.000000E+00	0.000000E+00	0.000000E+00
7.462500000000E+07	-6.375511E+01	0.000000E+00	0.000000E+00	0.000000E+00
7.510000000000E+07	-6.397475E+01	0.000000E+00	0.000000E+00	0.000000E+00
7.557500000000E+07	-6.174318E+01	0.000000E+00	0.000000E+00	0.000000E+00
7.605000000000E+07	-5.670554E+01	0.000000E+00	0.000000E+00	0.000000E+00
7.652500000000E+07	-5.537030E+01	0.000000E+00	0.000000E+00	0.000000E+00
7.700000000000E+07	-6.269645E+01	0.000000E+00	0.000000E+00	0.000000E+00
7.747500000000E+07	-6.939039E+01	0.000000E+00	0.000000E+00	0.000000E+00
7.795000000000E+07	-7.326037E+01	0.000000E+00	0.000000E+00	0.000000E+00
7.842500000000E+07	-7.537333E+01	0.000000E+00	0.000000E+00	0.000000E+00
7.890000000000E+07	-7.671609E+01	0.000000E+00	0.000000E+00	0.000000E+00
7.937500000000E+07	-7.772531E+01	0.000000E+00	0.000000E+00	0.000000E+00
7.985000000000E+07	-7.867357E+01	0.000000E+00	0.000000E+00	0.000000E+00
8.032500000000E+07	-7.946993E+01	0.000000E+00	0.000000E+00	0.000000E+00
8.080000000000E+07	-8.002382E+01	0.000000E+00	0.000000E+00	0.000000E+00
8.127500000000E+07	-8.043243E+01	0.000000E+00	0.000000E+00	0.000000E+00
8.175000000000E+07	-8.064053E+01	0.000000E+00	0.000000E+00	0.000000E+00
8.222500000000E+07	-8.084399E+01	0.000000E+00	0.000000E+00	0.000000E+00
8.270000000000E+07	-8.097028E+01	0.000000E+00	0.000000E+00	0.000000E+00
8.317500000000E+07	-8.104971E+01	0.000000E+00	0.000000E+00	0.000000E+00
8.365000000000E+07	-8.126428E+01	0.000000E+00	0.000000E+00	0.000000E+00
8.412500000000E+07	-8.145873E+01	0.000000E+00	0.000000E+00	0.000000E+00
8.460000000000E+07	-8.158126E+01	0.000000E+00	0.000000E+00	0.000000E+00
8.507500000000E+07	-8.168447E+01	0.000000E+00	0.000000E+00	0.000000E+00
8.555000000000E+07	-8.174135E+01	0.000000E+00	0.000000E+00	0.000000E+00
8.602500000000E+07	-8.181252E+01	0.000000E+00	0.000000E+00	0.000000E+00
8.650000000000E+07	-8.187081E+01	0.000000E+00	0.000000E+00	0.000000E+00
8.697500000000E+07	-8.195536E+01	0.000000E+00	0.000000E+00	0.000000E+00
8.745000000000E+07	-8.197431E+01	0.000000E+00	0.000000E+00	0.000000E+00
8.792500000000E+07	-8.183315E+01	0.000000E+00	0.000000E+00	0.000000E+00
8.840000000000E+07	-8.125671E+01	0.000000E+00	0.000000E+00	0.000000E+00
8.887500000000E+07	-8.036182E+01	0.000000E+00	0.000000E+00	0.000000E+00
8.935000000000E+07	-7.890475E+01	0.000000E+00	0.000000E+00	0.000000E+00
8.982500000000E+07	-7.628326E+01	0.000000E+00	0.000000E+00	0.000000E+00
9.030000000000E+07	-7.120224E+01	0.000000E+00	0.000000E+00	0.000000E+00
9.077500000000E+07	-6.276639E+01	0.000000E+00	0.000000E+00	0.000000E+00
9.125000000000E+07	-6.098418E+01	0.000000E+00	0.000000E+00	0.000000E+00
9.172500000000E+07	-7.021278E+01	0.000000E+00	0.000000E+00	0.000000E+00
9.220000000000E+07	-7.689884E+01	0.000000E+00	0.000000E+00	0.000000E+00
9.267500000000E+07	-7.990562E+01	0.000000E+00	0.000000E+00	0.000000E+00
9.315000000000E+07	-8.114246E+01	0.000000E+00	0.000000E+00	0.000000E+00
9.362500000000E+07	-8.164760E+01	0.000000E+00	0.000000E+00	0.000000E+00
9.410000000000E+07	-8.172039E+01	0.000000E+00	0.000000E+00	0.000000E+00
9.457500000000E+07	-8.167510E+01	0.000000E+00	0.000000E+00	0.000000E+00
9.505000000000E+07	-8.157124E+01	0.000000E+00	0.000000E+00	0.000000E+00
9.552500000000E+07	-8.147096E+01	0.000000E+00	0.000000E+00	0.000000E+00
9.600000000000E+07	-8.135101E+01	0.000000E+00	0.000000E+00	0.000000E+00
